0.6666666666666667 0.6666666666666667 0.6666666666666667 0.6363636363636364 0.6363636363636364 0.6666666666666667 0.6666666666666667 0.6363636363636364 0.6666666666666667 0.6666666666666667 0.6666666666666667 0.6666666666666667 0.6666666666666667 0.6666666666666667 0.6666666666666667 0.6666666666666667 0.6666666666666667 0.6666666666666667 0.6363636363636364 0.6363636363636364 0.5555555555555556 0.6666666666666667 0.6666666666666667 0.6666666666666667 0.6666666666666667 0.6666666666666667 0.6 0.5555555555555556
0.6666666666666667 0.6666666666666667 0.6666666666666667 0.6363636363636364 0.6363636363636364 0.6666666666666667 0.6666666666666667 0.6363636363636364 0.6666666666666667 0.6666666666666667 0.6666666666666667 0.6666666666666667 0.6666666666666667 0.6666666666666667 0.6666666666666667 0.6666666666666667 0.6666666666666667 0.6666666666666667 0.6363636363636364 0.6363636363636364 0.5555555555555556 0.6666666666666667 0.6666666666666667 0.6666666666666667 0.6666666666666667 0.6666666666666667 0.6 0.5555555555555556
0.6363636363636364 0.6363636363636364 0.6363636363636364 0.7 0.7 0.6363636363636364 0.6363636363636364 0.6 0.6363636363636364 0.6363636363636364 0.6363636363636364 0.6363636363636364 0.6363636363636364 0.6363636363636364 0.6363636363636364 0.6363636363636364 0.6363636363636364 0.6363636363636364 0.6 0.6 0.625 0.6363636363636364 0.6363636363636364 0.6363636363636364 0.6363636363636364 0.6363636363636364 0.6666666666666667 0.625
0.6363636363636364 0.6363636363636364 0.6363636363636364 0.7 0.7 0.6363636363636364 0.6363636363636364 0.6 0.6363636363636364 0.6363636363636364 0.6363636363636364 0.6363636363636364 0.6363636363636364 0.6363636363636364 0.6363636363636364 0.6363636363636364 0.6363636363636364 0.6363636363636364 0.6 0.6 0.625 0.6363636363636364 0.6363636363636364 0.6363636363636364 0.6363636363636364 0.6363636363636364 0.6666666666666667 0.625
0.6666666666666667 0.6666666666666667 0.6666666666666667 0.6363636363636364 0.6363636363636364 0.6666666666666667 0.6666666666666667 0.6363636363636364 0.6666666666666667 0.6666666666666667 0.6666666666666667 0.6666666666666667 0.6666666666666667 0.6666666666666667 0.6666666666666667 0.6666666666666667 0.6666666666666667 0.6666666666666667 0.6363636363636364 0.6363636363636364 0.5555555555555556 0.6666666666666667 0.6666666666666667 0.6666666666666667 0.6666666666666667 0.6666666666666667 0.6 0.5555555555555556
0.6666666666666667 0.6666666666666667 0.6666666666666667 0.6363636363636364 0.6363636363636364 0.6666666666666667 0.6666666666666667 0.6363636363636364 0.6666666666666667 0.6666666666666667 0.6666666666666667 0.6666666666666667 0.6666666666666667 0.6666666666666667 0.6666666666666667 0.6666666666666667 0.6666666666666667 0.6666666666666667 0.6363636363636364 0.6363636363636364 0.5555555555555556 0.6666666666666667 0.6666666666666667 0.6666666666666667 0.6666666666666667 0.6666666666666667 0.6 0.5555555555555556
0.6363636363636364 0.6363636363636364 0.6363636363636364 0.6 0.6 0.6363636363636364 0.6363636363636364 0.6 0.6363636363636364 0.6363636363636364 0.6363636363636364 0.6363636363636364 0.6363636363636364 0.6363636363636364 0.6363636363636364 0.6363636363636364 0.6363636363636364 0.6363636363636364 0.6 0.6 0.5 0.6363636363636364 0.6363636363636364 0.6363636363636364 0.6363636363636364 0.6363636363636364 0.5555555555555556 0.5
0.6666666666666667 0.6666666666666667 0.6666666666666667 0.6363636363636364 0.6363636363636364 0.6666666666666667 0.6666666666666667 0.6363636363636364 0.6666666666666667 0.6666666666666667 0.6666666666666667 0.6666666666666667 0.6666666666666667 0.6666666666666667 0.6666666666666667 0.6666666666666667 0.6666666666666667 0.6666666666666667 0.6363636363636364 0.6363636363636364 0.5555555555555556 0.6666666666666667 0.6666666666666667 0.6666666666666667 0.6666666666666667 0.6666666666666667 0.6 0.5555555555555556
0.6666666666666667 0.6666666666666667 0.6666666666666667 0.6363636363636364 0.6363636363636364 0.6666666666666667 0.6666666666666667 0.6363636363636364 0.6666666666666667 0.6666666666666667 0.6666666666666667 0.6666666666666667 0.6666666666666667 0.6666666666666667 0.6666666666666667 0.6666666666666667 0.6666666666666667 0.6666666666666667 0.6363636363636364 0.6363636363636364 0.5555555555555556 0.6666666666666667 0.6666666666666667 0.6666666666666667 0.6666666666666667 0.6666666666666667 0.6 0.5555555555555556
0.6666666666666667 0.6666666666666667 0.6666666666666667 0.6363636363636364 0.6363636363636364 0.6666666666666667 0.6666666666666667 0.6363636363636364 0.6666666666666667 0.6666666666666667 0.6666666666666667 0.6666666666666667 0.6666666666666667 0.6666666666666667 0.6666666666666667 0.6666666666666667 0.6666666666666667 0.6666666666666667 0.6363636363636364 0.6363636363636364 0.5555555555555556 0.6666666666666667 0.6666666666666667 0.6666666666666667 0.6666666666666667 0.6666666666666667 0.6 0.5555555555555556
0.6666666666666667 0.6666666666666667 0.6666666666666667 0.6363636363636364 0.6363636363636364 0.6666666666666667 0.6666666666666667 0.6363636363636364 0.6666666666666667 0.6666666666666667 0.6666666666666667 0.6666666666666667 0.6666666666666667 0.6666666666666667 0.6666666666666667 0.6666666666666667 0.6666666666666667 0.6666666666666667 0.6363636363636364 0.6363636363636364 0.5555555555555556 0.6666666666666667 0.6666666666666667 0.6666666666666667 0.6666666666666667 0.6666666666666667 0.6 0.5555555555555556
0.6666666666666667 0.6666666666666667 0.6666666666666667 0.6363636363636364 0.6363636363636364 0.6666666666666667 0.6666666666666667 0.6363636363636364 0.6666666666666667 0.6666666666666667 0.6666666666666667 0.6666666666666667 0.6666666666666667 0.6666666666666667 0.6666666666666667 0.6666666666666667 0.6666666666666667 0.6666666666666667 0.6363636363636364 0.6363636363636364 0.5555555555555556 0.6666666666666667 0.6666666666666667 0.6666666666666667 0.6666666666666667 0.6666666666666667 0.6 0.5555555555555556
0.6666666666666667 0.6666666666666667 0.6666666666666667 0.6363636363636364 0.6363636363636364 0.6666666666666667 0.6666666666666667 0.6363636363636364 0.6666666666666667 0.6666666666666667 0.6666666666666667 0.6666666666666667 0.6666666666666667 0.6666666666666667 0.6666666666666667 0.6666666666666667 0.6666666666666667 0.6666666666666667 0.6363636363636364 0.6363636363636364 0.5555555555555556 0.6666666666666667 0.6666666666666667 0.6666666666666667 0.6666666666666667 0.6666666666666667 0.6 0.5555555555555556
0.6666666666666667 0.6666666666666667 0.6666666666666667 0.6363636363636364 0.6363636363636364 0.6666666666666667 0.6666666666666667 0.6363636363636364 0.6666666666666667 0.6666666666666667 0.6666666666666667 0.6666666666666667 0.6666666666666667 0.6666666666666667 0.6666666666666667 0.6666666666666667 0.6666666666666667 0.6666666666666667 0.6363636363636364 0.6363636363636364 0.5555555555555556 0.6666666666666667 0.6666666666666667 0.6666666666666667 0.6666666666666667 0.6666666666666667 0.6 0.5555555555555556
0.6666666666666667 0.6666666666666667 0.6666666666666667 0.6363636363636364 0.6363636363636364 0.6666666666666667 0.6666666666666667 0.6363636363636364 0.6666666666666667 0.6666666666666667 0.6666666666666667 0.6666666666666667 0.6666666666666667 0.6666666666666667 0.6666666666666667 0.6666666666666667 0.6666666666666667 0.6666666666666667 0.6363636363636364 0.6363636363636364 0.5555555555555556 0.6666666666666667 0.6666666666666667 0.6666666666666667 0.6666666666666667 0.6666666666666667 0.6 0.5555555555555556
0.6666666666666667 0.6666666666666667 0.6666666666666667 0.6363636363636364 0.6363636363636364 0.6666666666666667 0.6666666666666667 0.6363636363636364 0.6666666666666667 0.6666666666666667 0.6666666666666667 0.6666666666666667 0.6666666666666667 0.6666666666666667 0.6666666666666667 0.6666666666666667 0.6666666666666667 0.6666666666666667 0.6363636363636364 0.6363636363636364 0.5555555555555556 0.6666666666666667 0.6666666666666667 0.6666666666666667 0.6666666666666667 0.6666666666666667 0.6 0.5555555555555556
0.6666666666666667 0.6666666666666667 0.6666666666666667 0.6363636363636364 0.6363636363636364 0.6666666666666667 0.6666666666666667 0.6363636363636364 0.6666666666666667 0.6666666666666667 0.6666666666666667 0.6666666666666667 0.6666666666666667 0.6666666666666667 0.6666666666666667 0.6666666666666667 0.6666666666666667 0.6666666666666667 0.6363636363636364 0.6363636363636364 0.5555555555555556 0.6666666666666667 0.6666666666666667 0.6666666666666667 0.6666666666666667 0.6666666666666667 0.6 0.5555555555555556
0.6363636363636364 0.6363636363636364 0.6363636363636364 0.6 0.6 0.6363636363636364 0.6363636363636364 0.6 0.6363636363636364 0.6363636363636364 0.6363636363636364 0.6363636363636364 0.6363636363636364 0.6363636363636364 0.6363636363636364 0.6363636363636364 0.6363636363636364 0.6363636363636364 0.6 0.6 0.5 0.6363636363636364 0.6363636363636364 0.6363636363636364 0.6363636363636364 0.6363636363636364 0.5555555555555556 0.5
0.6363636363636364 0.6363636363636364 0.6363636363636364 0.6 0.6 0.6363636363636364 0.6363636363636364 0.6 0.6363636363636364 0.6363636363636364 0.6363636363636364 0.6363636363636364 0.6363636363636364 0.6363636363636364 0.6363636363636364 0.6363636363636364 0.6363636363636364 0.6363636363636364 0.6 0.6 0.5 0.6363636363636364 0.6363636363636364 0.6363636363636364 0.6363636363636364 0.6363636363636364 0.5555555555555556 0.5
0.5555555555555556 0.5555555555555556 0.5555555555555556 0.625 0.625 0.5555555555555556 0.5555555555555556 0.5 0.5555555555555556 0.5555555555555556 0.5555555555555556 0.5555555555555556 0.5555555555555556 0.5555555555555556 0.5555555555555556 0.5555555555555556 0.5555555555555556 0.5555555555555556 0.5 0.5 0.6666666666666667 0.5555555555555556 0.5555555555555556 0.5555555555555556 0.5555555555555556 0.5555555555555556 0.7142857142857143 0.6666666666666667
0.6666666666666667 0.6666666666666667 0.6666666666666667 0.6363636363636364 0.6363636363636364 0.6666666666666667 0.6666666666666667 0.6363636363636364 0.6666666666666667 0.6666666666666667 0.6666666666666667 0.6666666666666667 0.6666666666666667 0.6666666666666667 0.6666666666666667 0.6666666666666667 0.6666666666666667 0.6666666666666667 0.6363636363636364 0.6363636363636364 0.5555555555555556 0.6666666666666667 0.6666666666666667 0.6666666666666667 0.6666666666666667 0.6666666666666667 0.6 0.5555555555555556
0.6666666666666667 0.6666666666666667 0.6666666666666667 0.6363636363636364 0.6363636363636364 0.6666666666666667 0.6666666666666667 0.6363636363636364 0.6666666666666667 0.6666666666666667 0.6666666666666667 0.6666666666666667 0.6666666666666667 0.6666666666666667 0.6666666666666667 0.6666666666666667 0.6666666666666667 0.6666666666666667 0.6363636363636364 0.6363636363636364 0.5555555555555556 0.6666666666666667 0.6666666666666667 0.6666666666666667 0.6666666666666667 0.6666666666666667 0.6 0.5555555555555556
0.6666666666666667 0.6666666666666667 0.6666666666666667 0.6363636363636364 0.6363636363636364 0.6666666666666667 0.6666666666666667 0.6363636363636364 0.6666666666666667 0.6666666666666667 0.6666666666666667 0.6666666666666667 0.6666666666666667 0.6666666666666667 0.6666666666666667 0.6666666666666667 0.6666666666666667 0.6666666666666667 0.6363636363636364 0.6363636363636364 0.5555555555555556 0.6666666666666667 0.6666666666666667 0.6666666666666667 0.6666666666666667 0.6666666666666667 0.6 0.5555555555555556
0.6666666666666667 0.6666666666666667 0.6666666666666667 0.6363636363636364 0.6363636363636364 0.6666666666666667 0.6666666666666667 0.6363636363636364 0.6666666666666667 0.6666666666666667 0.6666666666666667 0.6666666666666667 0.6666666666666667 0.6666666666666667 0.6666666666666667 0.6666666666666667 0.6666666666666667 0.6666666666666667 0.6363636363636364 0.6363636363636364 0.5555555555555556 0.6666666666666667 0.6666666666666667 0.6666666666666667 0.6666666666666667 0.6666666666666667 0.6 0.5555555555555556
0.6666666666666667 0.6666666666666667 0.6666666666666667 0.6363636363636364 0.6363636363636364 0.6666666666666667 0.6666666666666667 0.6363636363636364 0.6666666666666667 0.6666666666666667 0.6666666666666667 0.6666666666666667 0.6666666666666667 0.6666666666666667 0.6666666666666667 0.6666666666666667 0.6666666666666667 0.6666666666666667 0.6363636363636364 0.6363636363636364 0.5555555555555556 0.6666666666666667 0.6666666666666667 0.6666666666666667 0.6666666666666667 0.6666666666666667 0.6 0.5555555555555556
0.6 0.6 0.6 0.6666666666666667 0.6666666666666667 0.6 0.6 0.5555555555555556 0.6 0.6 0.6 0.6 0.6 0.6 0.6 0.6 0.6 0.6 0.5555555555555556 0.5555555555555556 0.7142857142857143 0.6 0.6 0.6 0.6 0.6 0.75 0.7142857142857143
0.5555555555555556 0.5555555555555556 0.5555555555555556 0.625 0.625 0.5555555555555556 0.5555555555555556 0.5 0.5555555555555556 0.5555555555555556 0.5555555555555556 0.5555555555555556 0.5555555555555556 0.5555555555555556 0.5555555555555556 0.5555555555555556 0.5555555555555556 0.5555555555555556 0.5 0.5 0.6666666666666667 0.5555555555555556 0.5555555555555556 0.5555555555555556 0.5555555555555556 0.5555555555555556 0.7142857142857143 0.6666666666666667
