b_h -5.501826456072933
b_o 18.020317587150537
W_ih 0 0 -0.853372081838761
W_ih 0 1 0.3642711373252149
W_ih 0 2 -4.226444947582782E-112
W_ih 0 3 -0.0397474636766382
W_ih 0 4 -0.0656366932415807
W_ih 0 5 -6.988798797079556E-92
W_ih 0 6 -4.65273835854234E-176
W_ih 0 7 -1.610926009894664
W_ih 0 8 -7.199896068387013E-97
W_ih 0 9 -1.8129787330990618E-16
W_ih 0 10 -0.3318565075193957
W_ih 0 11 2.969953092122425E-142
W_ih 0 12 -0.5807315727717722
W_ih 0 13 -0.025339280909417977
W_ih 0 14 4.856456042817413E-134
W_ih 0 15 0.7510542668644881
W_ih 0 16 -2.740059661368259
W_ih 0 17 -2.259468442477393E-77
W_ih 0 18 6.6051302558153765E-93
W_ih 0 19 -6.909309877432672E-109
W_ih 1 0 -0.004628506238561742
W_ih 1 1 1.4973330199681498
W_ih 1 2 1.2042074039256448E-109
W_ih 1 3 0.18313621798595225
W_ih 1 4 -0.023227474979184513
W_ih 1 5 -1.389229681046991E-91
W_ih 1 6 8.865498435111027E-178
W_ih 1 7 -0.9226316060772276
W_ih 1 8 2.7326149558727223E-96
W_ih 1 9 -2.129325371781749E-16
W_ih 1 10 -0.7027021660553782
W_ih 1 11 4.14735345364628E-146
W_ih 1 12 -0.19104965033980512
W_ih 1 13 0.07804365300948206
W_ih 1 14 1.4631479768106953E-135
W_ih 1 15 0.4617143475990561
W_ih 1 16 -2.569136559679886
W_ih 1 17 5.495967560579917E-81
W_ih 1 18 -2.805850646207886E-93
W_ih 1 19 -5.013900588731591E-110
W_ih 2 0 0.4410799065623224
W_ih 2 1 4.922740803472702
W_ih 2 2 3.867029380714427E-111
W_ih 2 3 0.0032904235808864065
W_ih 2 4 0.00315903979360516
W_ih 2 5 -1.4628046863255022E-91
W_ih 2 6 4.028979023067766E-175
W_ih 2 7 -1.6416133988761281
W_ih 2 8 -1.3836357368643426E-97
W_ih 2 9 -3.362219319492557E-14
W_ih 2 10 -0.9231740452024291
W_ih 2 11 9.92746785193605E-143
W_ih 2 12 -0.8032400447195633
W_ih 2 13 0.17827953990630105
W_ih 2 14 -4.66615647596965E-133
W_ih 2 15 0.48909019343594884
W_ih 2 16 -4.707876962556482
W_ih 2 17 1.4596423203933217E-78
W_ih 2 18 2.959118790043901E-92
W_ih 2 19 -3.098504960887701E-107
W_ih 3 0 -0.14231438700697227
W_ih 3 1 1.0530019195788516
W_ih 3 2 3.745740495605985E-107
W_ih 3 3 0.19736145604662317
W_ih 3 4 -0.013309390129318154
W_ih 3 5 1.5926210723624243E-93
W_ih 3 6 4.229568531320871E-178
W_ih 3 7 -1.0103324194351768
W_ih 3 8 1.4525956058436783E-96
W_ih 3 9 -2.0499844343573543E-16
W_ih 3 10 -0.6996820960984986
W_ih 3 11 4.17206932875119E-146
W_ih 3 12 -0.16159747017297038
W_ih 3 13 0.02157077697097723
W_ih 3 14 1.062961091321843E-135
W_ih 3 15 0.47056204478443264
W_ih 3 16 -2.4206164647370247
W_ih 3 17 1.479762166231674E-81
W_ih 3 18 -2.272497215863519E-93
W_ih 3 19 -4.2016480913684143E-110
W_ih 4 0 -0.18827004210443757
W_ih 4 1 -0.59483980361018
W_ih 4 2 4.766421357607671E-84
W_ih 4 3 -0.17372200216818637
W_ih 4 4 -0.006543800576252234
W_ih 4 5 5.137196293281208E-91
W_ih 4 6 -2.785918297865999E-184
W_ih 4 7 1.199081855933692
W_ih 4 8 5.5642673393449736E-98
W_ih 4 9 -1.2344139168339612E-16
W_ih 4 10 -0.33201471095333573
W_ih 4 11 -5.544844047747069E-150
W_ih 4 12 0.3734952279904105
W_ih 4 13 0.06914794992019888
W_ih 4 14 -3.791550079596722E-140
W_ih 4 15 0.35215059539548615
W_ih 4 16 -0.16069393789921396
W_ih 4 17 1.0245976671708643E-86
W_ih 4 18 -2.1766705468491608E-93
W_ih 4 19 1.358271122430285E-114
W_ih 5 0 0.25508870446185467
W_ih 5 1 2.0942405742207115
W_ih 5 2 -4.271823486803346E-91
W_ih 5 3 0.13519542433055073
W_ih 5 4 -0.00696637460427527
W_ih 5 5 2.063528403477334E-91
W_ih 5 6 1.3694405773441697E-181
W_ih 5 7 -0.4135608426103753
W_ih 5 8 1.675275152950906E-96
W_ih 5 9 -4.6257536876370795E-5
W_ih 5 10 -0.5638300950113319
W_ih 5 11 -2.4089284834930264E-149
W_ih 5 12 -0.1160286732458563
W_ih 5 13 -0.02557441127016471
W_ih 5 14 -2.110075071279133E-138
W_ih 5 15 0.33901841773632363
W_ih 5 16 -2.21510453847388
W_ih 5 17 -1.74597837092356E-84
W_ih 5 18 -2.766757420426537E-93
W_ih 5 19 1.7669422075045182E-112
W_ih 6 0 -0.31062960720437566
W_ih 6 1 -0.6667567340074954
W_ih 6 2 -1.2486799741388658E-104
W_ih 6 3 0.04699036550242768
W_ih 6 4 -0.03192308710399005
W_ih 6 5 8.340742109283825E-92
W_ih 6 6 -1.0493647848064075E-177
W_ih 6 7 -1.0911350014674632
W_ih 6 8 -4.815959591406275E-97
W_ih 6 9 1.659994321398588E-7
W_ih 6 10 -0.6515354277621045
W_ih 6 11 2.90859621848666E-144
W_ih 6 12 -0.36841118680368795
W_ih 6 13 0.06402377641759475
W_ih 6 14 -2.6529236654686035E-134
W_ih 6 15 0.5239405259736228
W_ih 6 16 -2.0875357523444675
W_ih 6 17 2.0503079928909E-79
W_ih 6 18 -2.592217026027044E-92
W_ih 6 19 -1.3220875188654944E-108
W_ih 7 0 0.8426236558174116
W_ih 7 1 6.649619496806969
W_ih 7 2 1.453404487612915E-99
W_ih 7 3 0.16612355922731087
W_ih 7 4 0.011262145995154205
W_ih 7 5 -2.0600982402869106E-91
W_ih 7 6 -1.579419273601452E-181
W_ih 7 7 -1.0372860053497148
W_ih 7 8 3.1029782349105393E-97
W_ih 7 9 -1.7872623713087418E-5
W_ih 7 10 -0.8381141204923243
W_ih 7 11 -1.0642335820777932E-146
W_ih 7 12 -0.3980643606062192
W_ih 7 13 0.19203748976518062
W_ih 7 14 -1.0316780407187215E-137
W_ih 7 15 0.37074900860396626
W_ih 7 16 -4.31348752780244
W_ih 7 17 4.575565542343134E-84
W_ih 7 18 -3.0919782083269886E-92
W_ih 7 19 5.457706829006269E-112
W_ih 8 0 -0.42403469601103383
W_ih 8 1 -0.4063216349088884
W_ih 8 2 -1.1183350496930773E-107
W_ih 8 3 -0.21250438841980734
W_ih 8 4 -0.03196816865726912
W_ih 8 5 -9.234503671643197E-92
W_ih 8 6 -2.375740371541693E-175
W_ih 8 7 -1.4867839340310598
W_ih 8 8 -1.239649252492347E-97
W_ih 8 9 -1.948106863880608E-16
W_ih 8 10 -0.6081475466553413
W_ih 8 11 5.0312896348355675E-144
W_ih 8 12 -0.7734412008761027
W_ih 8 13 0.04879193362311675
W_ih 8 14 -6.313970647166579E-133
W_ih 8 15 0.5242813632489517
W_ih 8 16 -2.3874758005076733
W_ih 8 17 -8.469844814425496E-77
W_ih 8 18 2.9617548002215613E-92
W_ih 8 19 -5.982060352726366E-107
W_ih 9 0 0.19744161733728954
W_ih 9 1 4.748496501509026
W_ih 9 2 -6.57424208439467E-110
W_ih 9 3 -0.2501722893087722
W_ih 9 4 -0.009252141699875982
W_ih 9 5 -1.367510418061102E-91
W_ih 9 6 -3.630646107884844E-176
W_ih 9 7 -1.9887920145661238
W_ih 9 8 -4.125502497104634E-97
W_ih 9 9 -1.3359317274478747E-16
W_ih 9 10 -0.949875835000982
W_ih 9 11 1.1083404720036244E-141
W_ih 9 12 0.2298497524197316
W_ih 9 13 0.25605823288542273
W_ih 9 14 1.300357986580864E-134
W_ih 9 15 0.5845539287835794
W_ih 9 16 -3.8963460220550976
W_ih 9 17 3.2697223062966223E-77
W_ih 9 18 8.839218246941004E-93
W_ih 9 19 -8.380203300094889E-109
W_ih 10 0 -0.4289281990463098
W_ih 10 1 -1.6895329927770317
W_ih 10 2 -1.8937872515954652E-22
W_ih 10 3 -0.010802925135469814
W_ih 10 4 5.363838506998848E-4
W_ih 10 5 7.93503887449508E-91
W_ih 10 6 4.31283828212901E-184
W_ih 10 7 -1.1702408196725025
W_ih 10 8 6.631343143394459E-87
W_ih 10 9 -3.830417495247949E-16
W_ih 10 10 0.22979382667812653
W_ih 10 11 1.8380707070601763E-176
W_ih 10 12 -0.8914533463420081
W_ih 10 13 -0.05585653548973071
W_ih 10 14 2.596858775691544E-174
W_ih 10 15 -0.20110727907290166
W_ih 10 16 0.09950058867503633
W_ih 10 17 7.97997360539202E-119
W_ih 10 18 -9.171436315277059E-92
W_ih 10 19 3.2012403461519734E-148
W_ih 11 0 -4.944899028927538
W_ih 11 1 -14.615059647835842
W_ih 11 2 0.0019448137061976946
W_ih 11 3 0.140255739913252
W_ih 11 4 -0.027900740060951622
W_ih 11 5 1.6551726967199913E-91
W_ih 11 6 1.3658204396856487E-191
W_ih 11 7 2.157678857839935
W_ih 11 8 7.090991650523905E-94
W_ih 11 9 -3.3916446547057856E-16
W_ih 11 10 0.5343175848027286
W_ih 11 11 -2.928955261798899E-167
W_ih 11 12 -0.1441406415164689
W_ih 11 13 -1.2551445784508457
W_ih 11 14 -7.679288235105324E-160
W_ih 11 15 -0.16464667692103344
W_ih 11 16 4.1761426679689455
W_ih 11 17 -6.981591263505216E-104
W_ih 11 18 2.514929685395592E-92
W_ih 11 19 1.3873629967220658E-133
W_ih 12 0 -2.1974126937153255
W_ih 12 1 -4.8001640216191355
W_ih 12 2 7.733546970257203E-26
W_ih 12 3 0.017214306262053662
W_ih 12 4 -0.001557132879158084
W_ih 12 5 -3.212352704177602E-91
W_ih 12 6 -5.655857166754993E-174
W_ih 12 7 0.145181487433788
W_ih 12 8 -1.0442129108780457E-87
W_ih 12 9 -2.3763617111588665E-16
W_ih 12 10 -0.16803754331844784
W_ih 12 11 1.0222053527052726E-176
W_ih 12 12 -0.026965057596311102
W_ih 12 13 -0.07846927256873297
W_ih 12 14 -1.54377653453384E-178
W_ih 12 15 -0.8751347184291974
W_ih 12 16 0.8844845184016176
W_ih 12 17 9.805370771847486E-124
W_ih 12 18 -2.8563819439809903E-92
W_ih 12 19 -1.032484297920857E-153
W_ih 13 0 0.9260387425574629
W_ih 13 1 3.3642521389625824
W_ih 13 2 0.0041820967484199854
W_ih 13 3 -0.054213091804895565
W_ih 13 4 0.007889992859512973
W_ih 13 5 4.48192006481737E-92
W_ih 13 6 -1.0670634409500546E-190
W_ih 13 7 -1.1750424256262135
W_ih 13 8 -4.004923523040793E-93
W_ih 13 9 1.5141798738342122E-16
W_ih 13 10 -0.14140059245688072
W_ih 13 11 -1.6888858875028694E-166
W_ih 13 12 -0.5046949961880542
W_ih 13 13 -0.1837256357582949
W_ih 13 14 -3.149144175202699E-159
W_ih 13 15 0.5961019886639609
W_ih 13 16 -1.2113048226146843
W_ih 13 17 -8.335217720537767E-104
W_ih 13 18 1.2589135369711531E-92
W_ih 13 19 7.840808778794337E-136
W_ih 14 0 0.4627890929687746
W_ih 14 1 0.00697423404308228
W_ih 14 2 1.0121180305790827E-6
W_ih 14 3 -0.026688210923071012
W_ih 14 4 0.0046864194375149295
W_ih 14 5 -2.3614750972978692E-91
W_ih 14 6 -1.2109046710146559E-191
W_ih 14 7 -0.7725375229449137
W_ih 14 8 -3.8628527785476196E-95
W_ih 14 9 9.91554172147127E-17
W_ih 14 10 0.4897983944843504
W_ih 14 11 -3.946820228394651E-170
W_ih 14 12 -0.42057583860316317
W_ih 14 13 0.13666262114387434
W_ih 14 14 8.301660156692676E-161
W_ih 14 15 -0.044177370197574686
W_ih 14 16 0.26405978298596455
W_ih 14 17 1.5662994195683298E-104
W_ih 14 18 -1.6524149120463384E-92
W_ih 14 19 -2.1490519464336633E-134
W_ih 15 0 1.6889435605160157
W_ih 15 1 11.425190893953895
W_ih 15 2 3.5831853881635475E-45
W_ih 15 3 0.1611125677199043
W_ih 15 4 0.016532448787821865
W_ih 15 5 1.3101205729533728E-91
W_ih 15 6 1.8159451561970065E-187
W_ih 15 7 -2.9565986675633136
W_ih 15 8 -8.601406644479145E-97
W_ih 15 9 -3.61339553433566E-16
W_ih 15 10 -1.401176790139424
W_ih 15 11 -1.0149362528838206E-155
W_ih 15 12 -0.4168991762223142
W_ih 15 13 0.18685833566403243
W_ih 15 14 -5.781475984009491E-147
W_ih 15 15 0.3947936636427519
W_ih 15 16 -7.538801659207166
W_ih 15 17 1.6492346519322807E-92
W_ih 15 18 4.166536478823615E-92
W_ih 15 19 -3.0569205594939444E-122
W_ih 16 0 0.6819424417930435
W_ih 16 1 7.0498240019376475
W_ih 16 2 -2.913765786966805E-98
W_ih 16 3 0.08705723994835365
W_ih 16 4 0.008948887660431445
W_ih 16 5 1.777989386839284E-91
W_ih 16 6 -2.1028402265053994E-176
W_ih 16 7 -1.851819265322983
W_ih 16 8 -4.2958729870766454E-97
W_ih 16 9 -1.8615407954209825E-16
W_ih 16 10 -0.8306088480442366
W_ih 16 11 -6.8453189674985205E-143
W_ih 16 12 -0.7918722651520358
W_ih 16 13 0.2981196107727243
W_ih 16 14 -1.7702134661246318E-134
W_ih 16 15 0.5343314238920541
W_ih 16 16 -5.6685954648485275
W_ih 16 17 5.713072723765325E-79
W_ih 16 18 4.659643204454725E-93
W_ih 16 19 -4.678329173726017E-108
W_ih 17 0 0.5467790903936962
W_ih 17 1 3.2666808631693267
W_ih 17 2 -2.5725777383525352E-92
W_ih 17 3 0.18923434243304166
W_ih 17 4 -2.391461669309997E-4
W_ih 17 5 2.151321079271571E-91
W_ih 17 6 5.19329066239908E-181
W_ih 17 7 -0.9199500728547295
W_ih 17 8 3.56323859962901E-97
W_ih 17 9 1.7769088444710095E-10
W_ih 17 10 -0.7374045628721695
W_ih 17 11 6.860453450641913E-150
W_ih 17 12 -0.3120298890772706
W_ih 17 13 0.11049946062342386
W_ih 17 14 -2.2516212940511736E-137
W_ih 17 15 0.4247706131661414
W_ih 17 16 -3.31714124766731
W_ih 17 17 -1.4141977678722277E-82
W_ih 17 18 -2.681219943769385E-92
W_ih 17 19 -5.366909335847864E-111
W_ho 0 0 0.011175935833552673
W_ho 1 0 0.7943859087740415
W_ho 2 0 2.8885501159076827E-215
W_ho 3 0 0.0019394084859364045
W_ho 4 0 -9.25563146572815E-6
W_ho 5 0 -2.1547172229010033E-95
W_ho 6 0 6.150406031027686E-197
W_ho 7 0 -0.8153930777369462
W_ho 8 0 -8.550284283549256E-102
W_ho 9 0 -2.79038990135122E-17
W_ho 10 0 -1.520356458255919
W_ho 11 0 -4.771471170898843E-181
W_ho 12 0 2.0297881114710776
W_ho 13 0 -0.02912502722590361
W_ho 14 0 9.577060815772919E-210
W_ho 15 0 -0.4520378161852625
W_ho 16 0 -0.29750529704984335
W_ho 17 0 -1.2805559213664268E-130
W_ho 18 0 4.1106089966062835E-96
W_ho 19 0 -4.700063281481532E-191
