b_h -0.726043889464505
b_o 2.3273947927898404
W_ih 0 0 -0.2185893259115164
W_ih 0 1 6.059595834567358E-36
W_ih 0 2 -0.03817625553936976
W_ih 0 3 -0.0033683204694734104
W_ih 0 4 -0.05558034179204848
W_ih 0 5 -0.011274813190204371
W_ih 0 6 0.0021574945903135604
W_ih 0 7 0.047932116540200465
W_ih 0 8 -3.7188365366850794E-126
W_ih 0 9 -1.612271834013614E-33
W_ih 0 10 -9.942575865567482E-31
W_ih 0 11 -0.018327467336801385
W_ih 0 12 -5.165258520549657E-109
W_ih 0 13 0.04910668770516313
W_ih 0 14 -2.2313580935670563E-10
W_ih 0 15 -6.857848186433806E-11
W_ih 0 16 -4.791841704204619E-4
W_ih 0 17 -5.808549600954541E-13
W_ih 0 18 -3.922310840166897E-124
W_ih 0 19 -1.897701340512618E-105
W_ih 1 0 -0.4502813938836721
W_ih 1 1 3.5601254777021374E-36
W_ih 1 2 -0.02137724356645463
W_ih 1 3 -0.010316075921156926
W_ih 1 4 -0.20245485578461167
W_ih 1 5 0.01948892517562165
W_ih 1 6 0.008548145257663594
W_ih 1 7 0.31407479411636996
W_ih 1 8 -2.9959476075704476E-126
W_ih 1 9 -2.8122577076639956E-4
W_ih 1 10 -7.529702147908469E-31
W_ih 1 11 -0.042912579765803545
W_ih 1 12 1.8218371532971558E-98
W_ih 1 13 0.0012413315889763976
W_ih 1 14 6.515822499252497E-5
W_ih 1 15 -1.0661212514405827E-10
W_ih 1 16 -9.427559317955547E-4
W_ih 1 17 -8.421001207201289E-13
W_ih 1 18 6.499433315873254E-126
W_ih 1 19 3.873424957432191E-106
W_ih 2 0 -0.25596445390908634
W_ih 2 1 4.467079893068796E-36
W_ih 2 2 -0.03282167813178547
W_ih 2 3 -0.00255165038355481
W_ih 2 4 -0.05177427143618853
W_ih 2 5 -0.01155042846961779
W_ih 2 6 0.0024105104078145576
W_ih 2 7 0.11080441644026044
W_ih 2 8 -5.687578550266695E-127
W_ih 2 9 -4.5737948896809827E-4
W_ih 2 10 -9.654450067407069E-31
W_ih 2 11 -0.020649102165077156
W_ih 2 12 -1.5019420857700147E-110
W_ih 2 13 0.08422084689633243
W_ih 2 14 -2.569012141279924E-27
W_ih 2 15 -6.201896188255114E-11
W_ih 2 16 -4.504718314985601E-4
W_ih 2 17 -6.152663789733914E-13
W_ih 2 18 2.000468571900798E-121
W_ih 2 19 3.3893532298520525E-106
W_ih 3 0 -0.4480041489271915
W_ih 3 1 4.0805024976401386E-36
W_ih 3 2 -0.021785017494084877
W_ih 3 3 -0.010844282284073402
W_ih 3 4 -0.20423614024589065
W_ih 3 5 0.015007319240711137
W_ih 3 6 0.00914178142135039
W_ih 3 7 0.3261699087971601
W_ih 3 8 -7.533166925413408E-129
W_ih 3 9 -2.5060586815033092E-30
W_ih 3 10 -6.218510665321891E-31
W_ih 3 11 -0.0483536101075191
W_ih 3 12 -9.622267966127466E-97
W_ih 3 13 -0.00494591872230314
W_ih 3 14 4.447453098778727E-18
W_ih 3 15 -1.0144021199382275E-10
W_ih 3 16 -0.0010079302657785255
W_ih 3 17 -8.213970268569652E-13
W_ih 3 18 -7.523452386252627E-127
W_ih 3 19 8.659286739995235E-106
W_ih 4 0 -3.549463852810412E-4
W_ih 4 1 -8.333065918652419E-5
W_ih 4 2 3.071054516802557E-31
W_ih 4 3 -1.738595429545399E-26
W_ih 4 4 -7.797599818810146E-34
W_ih 4 5 5.580252313297898E-16
W_ih 4 6 -4.408660571224669E-15
W_ih 4 7 2.7090480754536086E-25
W_ih 4 8 -1.1866463255723568E-7
W_ih 4 9 -1.392884617531678E-25
W_ih 4 10 -6.614900709013743E-8
W_ih 4 11 2.523916013310199E-24
W_ih 4 12 -1.6626220136025006E-5
W_ih 4 13 2.978038031398142E-19
W_ih 4 14 4.2505470711566016E-19
W_ih 4 15 1.0752097108620847E-19
W_ih 4 16 -4.459556419026722E-9
W_ih 4 17 -1.4042172333942668E-28
W_ih 4 18 9.346620489131122E-11
W_ih 4 19 8.526327253438407E-20
W_ih 5 0 -0.40753880092820155
W_ih 5 1 3.202012527912981E-36
W_ih 5 2 -0.025241897536602796
W_ih 5 3 -0.010502913543201342
W_ih 5 4 -0.19544361404013766
W_ih 5 5 0.01375582932696477
W_ih 5 6 0.008676364356046849
W_ih 5 7 0.284687256682164
W_ih 5 8 -2.8750626302896753E-130
W_ih 5 9 5.904263227964984E-26
W_ih 5 10 -6.277213847995545E-31
W_ih 5 11 -0.04146560381245355
W_ih 5 12 -1.5731723648976054E-97
W_ih 5 13 -0.0054209337368701545
W_ih 5 14 -1.9302680063692416E-11
W_ih 5 15 -1.0034831338226425E-10
W_ih 5 16 -9.810346265541575E-4
W_ih 5 17 -1.0419523353816625E-12
W_ih 5 18 5.4653198489907656E-130
W_ih 5 19 -1.0493104836759586E-106
W_ih 6 0 3.044070131338003E-9
W_ih 6 1 2.2478684655475818E-32
W_ih 6 2 2.607964912596863E-31
W_ih 6 3 -3.1955161518458344E-6
W_ih 6 4 -3.2260507640862996E-8
W_ih 6 5 2.282037042349442E-25
W_ih 6 6 1.3757155759245188E-27
W_ih 6 7 -6.639016619103877E-7
W_ih 6 8 -3.445920259884418E-30
W_ih 6 9 -3.244072447215625E-10
W_ih 6 10 -3.4231218116722983E-22
W_ih 6 11 -6.487268115324237E-5
W_ih 6 12 -6.206079137403162E-11
W_ih 6 13 -3.894131405503633E-26
W_ih 6 14 -6.2965015701493255E-28
W_ih 6 15 -6.269509018208154E-35
W_ih 6 16 -1.3251258117679928E-28
W_ih 6 17 6.554613708897859E-26
W_ih 6 18 0.0025434674385318807
W_ih 6 19 -1.0959834170505683E-23
W_ih 7 0 -0.3989399918361009
W_ih 7 1 4.2032601449242847E-36
W_ih 7 2 -0.029018694427841128
W_ih 7 3 -0.010775860730908379
W_ih 7 4 -0.1938308947873627
W_ih 7 5 0.011054709002286278
W_ih 7 6 0.00970948741094406
W_ih 7 7 0.27235612491734584
W_ih 7 8 -2.5092308872213876E-127
W_ih 7 9 8.965636025197739E-29
W_ih 7 10 -5.65709069025738E-31
W_ih 7 11 -0.044366888815959286
W_ih 7 12 1.0017807562841892E-94
W_ih 7 13 -0.015715046044541773
W_ih 7 14 -2.50094737403113E-28
W_ih 7 15 -1.0072746730247944E-10
W_ih 7 16 -0.0010096430554648581
W_ih 7 17 -8.261078092948274E-13
W_ih 7 18 -4.6140265692172355E-129
W_ih 7 19 5.79160157648911E-107
W_ih 8 0 -0.3990122136500047
W_ih 8 1 4.031456858261492E-36
W_ih 8 2 -0.027399096190446153
W_ih 8 3 -0.010830141309960328
W_ih 8 4 -0.19501056057973107
W_ih 8 5 0.014025463287206445
W_ih 8 6 0.009753690007412497
W_ih 8 7 0.24075011026329557
W_ih 8 8 8.48589023069364E-128
W_ih 8 9 1.2590476464644473E-27
W_ih 8 10 -5.682803176367271E-31
W_ih 8 11 -0.04243474801201834
W_ih 8 12 1.3942415092948066E-94
W_ih 8 13 -0.01732911121655704
W_ih 8 14 3.8941635416768455E-43
W_ih 8 15 -1.0164517215799218E-10
W_ih 8 16 -0.0010109341622388912
W_ih 8 17 -8.125584121136213E-13
W_ih 8 18 7.364947182665959E-129
W_ih 8 19 1.0476085056985607E-106
W_ih 9 0 -0.41956867039236123
W_ih 9 1 8.164152164855479E-36
W_ih 9 2 -0.026097196093765252
W_ih 9 3 -0.01163240098176701
W_ih 9 4 -0.20478091908931415
W_ih 9 5 0.016200203625356673
W_ih 9 6 0.010806937262168314
W_ih 9 7 0.3089410415412654
W_ih 9 8 2.9491753488554578E-123
W_ih 9 9 -4.3183403979485895E-32
W_ih 9 10 -3.8157832354949927E-31
W_ih 9 11 -0.044814841303818735
W_ih 9 12 -8.382886603177809E-88
W_ih 9 13 -0.020694247110092077
W_ih 9 14 -3.958493419912423E-6
W_ih 9 15 -9.482649249007768E-11
W_ih 9 16 -9.467309299797533E-4
W_ih 9 17 -8.088616655212044E-13
W_ih 9 18 -1.9718029991547548E-126
W_ih 9 19 -7.646439551571185E-106
W_ih 10 0 -0.02202647471616164
W_ih 10 1 7.245732323676472E-37
W_ih 10 2 0.002708130948233772
W_ih 10 3 -2.6657036677900505E-4
W_ih 10 4 -0.022574387927267993
W_ih 10 5 0.005811630343009734
W_ih 10 6 0.001264583014550592
W_ih 10 7 0.05743357213292837
W_ih 10 8 6.277176685805636E-6
W_ih 10 9 -1.3725934343612807E-40
W_ih 10 10 -1.4764705507326934E-30
W_ih 10 11 -0.00361093140911553
W_ih 10 12 6.1645611629488465E-24
W_ih 10 13 -0.04087008403946605
W_ih 10 14 2.5740367109482634E-6
W_ih 10 15 -3.318463052017216E-11
W_ih 10 16 -3.040352734520294E-4
W_ih 10 17 -3.0603079083643175E-13
W_ih 10 18 -6.910570514111108E-103
W_ih 10 19 1.512826362117555E-73
W_ih 11 0 7.800841862844188E-7
W_ih 11 1 1.8890426292922906E-20
W_ih 11 2 -4.252858863374984E-5
W_ih 11 3 4.517240519403301E-9
W_ih 11 4 5.397649572167638E-14
W_ih 11 5 5.2517520694769805E-5
W_ih 11 6 -2.5179795637774864E-22
W_ih 11 7 9.34377442564284E-27
W_ih 11 8 -1.2598005248752036E-4
W_ih 11 9 4.2015573251545184E-7
W_ih 11 10 -1.1985732376429427E-26
W_ih 11 11 -2.1576518443967418E-4
W_ih 11 12 -1.7627384463440623E-20
W_ih 11 13 -1.9369703543715508E-26
W_ih 11 14 -1.4557460583584247E-5
W_ih 11 15 -0.005434251588241476
W_ih 11 16 -4.856418535832431E-19
W_ih 11 17 3.326181424384407E-24
W_ih 11 18 -3.929968858802474E-12
W_ih 11 19 -3.111112230885663E-23
W_ih 12 0 0.06261485656224478
W_ih 12 1 -3.30858791695089E-36
W_ih 12 2 -6.745465550917174E-4
W_ih 12 3 -0.0017473309869997346
W_ih 12 4 0.0230425868421389
W_ih 12 5 0.0010553659678057237
W_ih 12 6 0.0023027804686349108
W_ih 12 7 0.05221434197836892
W_ih 12 8 2.218968020829464E-9
W_ih 12 9 2.7139096584767967E-5
W_ih 12 10 3.5271697906653877E-31
W_ih 12 11 -0.0053344317013999
W_ih 12 12 -2.690906424556595E-25
W_ih 12 13 0.008544847133042025
W_ih 12 14 -1.0160118571183427E-17
W_ih 12 15 -1.460535054364202E-10
W_ih 12 16 -8.336587175273724E-4
W_ih 12 17 -2.2720589262047232E-12
W_ih 12 18 -4.2576252863331E-39
W_ih 12 19 8.456533442785757E-104
W_ih 13 0 -0.08605455441694226
W_ih 13 1 -6.731480555559634E-36
W_ih 13 2 0.040938653545253785
W_ih 13 3 5.665780361869333E-4
W_ih 13 4 -0.05402618850154405
W_ih 13 5 0.03242613518796396
W_ih 13 6 -4.5809882721519656E-4
W_ih 13 7 0.5898927328148635
W_ih 13 8 2.1845676753808144E-49
W_ih 13 9 -2.790862843511147E-18
W_ih 13 10 -6.2176848778600575E-31
W_ih 13 11 0.008324282481510504
W_ih 13 12 2.9728831336070846E-26
W_ih 13 13 -0.1296565910027943
W_ih 13 14 8.696865284948534E-52
W_ih 13 15 -7.109929838336122E-11
W_ih 13 16 1.6758310957177533E-4
W_ih 13 17 -1.0425412516458871E-11
W_ih 13 18 4.3623983841014234E-76
W_ih 13 19 -1.3614986285524956E-105
W_ih 14 0 -0.01099012366490171
W_ih 14 1 5.797756681239872E-37
W_ih 14 2 0.0027795531289791153
W_ih 14 3 -9.680688459755228E-5
W_ih 14 4 -0.01701625366490089
W_ih 14 5 0.0054061329105488005
W_ih 14 6 0.0012555417427619342
W_ih 14 7 0.060693384784401144
W_ih 14 8 4.392587206047979E-6
W_ih 14 9 8.002823185922789E-13
W_ih 14 10 -1.4095823881087086E-30
W_ih 14 11 -0.003923197584884601
W_ih 14 12 3.0979602416025175E-27
W_ih 14 13 -0.04077137652110548
W_ih 14 14 -7.657191951725995E-17
W_ih 14 15 -3.470244906044305E-11
W_ih 14 16 -3.0967684358102355E-4
W_ih 14 17 -5.148290161170935E-13
W_ih 14 18 -6.448689996787008E-100
W_ih 14 19 3.511350703289298E-74
W_ih 15 0 -1.296649566487561
W_ih 15 1 1.4432852448841006E-36
W_ih 15 2 0.05607373170413252
W_ih 15 3 -0.012126656211479738
W_ih 15 4 -0.5305834229427674
W_ih 15 5 0.12186627503506478
W_ih 15 6 0.01464894429935944
W_ih 15 7 1.632652731417691
W_ih 15 8 -7.317987752548636E-22
W_ih 15 9 3.290221440155858E-15
W_ih 15 10 1.5291095865483097E-30
W_ih 15 11 -0.09325162114378042
W_ih 15 12 7.693552063002942E-6
W_ih 15 13 0.05683423660720584
W_ih 15 14 -1.6621298358136554E-11
W_ih 15 15 -5.573587523591776E-11
W_ih 15 16 -4.087953268174687E-4
W_ih 15 17 -7.791000096247737E-13
W_ih 15 18 -1.2001240000747777E-42
W_ih 15 19 8.338050532645713E-104
W_ih 16 0 -0.22282398219545502
W_ih 16 1 7.373130655314893E-36
W_ih 16 2 -0.03693620217271945
W_ih 16 3 -0.01008621995511103
W_ih 16 4 -0.16251480141999164
W_ih 16 5 -0.0035973456920269423
W_ih 16 6 0.010308562629960334
W_ih 16 7 -0.032958185737791294
W_ih 16 8 1.2648425166725113E-122
W_ih 16 9 -8.759057916914393E-23
W_ih 16 10 -5.155550875593082E-31
W_ih 16 11 -0.03748719108616012
W_ih 16 12 -1.4944261555396897E-89
W_ih 16 13 0.017198438802580002
W_ih 16 14 -6.107060992784363E-15
W_ih 16 15 -8.933300483376169E-11
W_ih 16 16 -9.691175803357129E-4
W_ih 16 17 -7.675962639241784E-13
W_ih 16 18 -4.1105141870752635E-128
W_ih 16 19 9.000688801736883E-106
W_ih 17 0 -0.42569413198849826
W_ih 17 1 2.8729529980134118E-36
W_ih 17 2 -0.01929284812904672
W_ih 17 3 -0.009729876553376976
W_ih 17 4 -0.1985776666565915
W_ih 17 5 0.019203053392084217
W_ih 17 6 0.008787336637815104
W_ih 17 7 0.30171400674275894
W_ih 17 8 -3.974604119243954E-125
W_ih 17 9 -0.026866137527647438
W_ih 17 10 -6.772692340941247E-31
W_ih 17 11 -0.05015732124087431
W_ih 17 12 1.1367660239436826E-94
W_ih 17 13 0.005478630495473134
W_ih 17 14 1.1684216338184202E-9
W_ih 17 15 -1.0103780959159225E-10
W_ih 17 16 -9.550697402215852E-4
W_ih 17 17 -9.269821691549596E-13
W_ih 17 18 1.9413861991645053E-127
W_ih 17 19 8.328005333197819E-106
W_ho 0 0 -0.32516516488909847
W_ho 1 0 -7.0483003456969214E-40
W_ho 2 0 -4.957225821596705E-4
W_ho 3 0 -0.0019361556636308692
W_ho 4 0 -0.06545602356462159
W_ho 5 0 0.01555633296961756
W_ho 6 0 0.0022593825517029775
W_ho 7 0 0.4591366752097463
W_ho 8 0 -2.1246830953805007E-201
W_ho 9 0 6.996622980337683E-138
W_ho 10 0 -5.257256849675659E-33
W_ho 11 0 -0.010666640596748685
W_ho 12 0 -3.896321275220309E-153
W_ho 13 0 -0.009379376691302968
W_ho 14 0 1.2312515461571127E-210
W_ho 15 0 -9.750043981752804E-12
W_ho 16 0 -1.2730438044473354E-4
W_ho 17 0 -2.9117421491510376E-13
W_ho 18 0 -1.3824525607040477E-155
W_ho 19 0 -3.298282550137731E-110
