0.7 0.7 0.7 0.6842105263157895 0.6842105263157895 0.6842105263157895 0.6842105263157895 0.6190476190476191 0.6666666666666667 0.6521739130434783 0.7 0.7 0.7 0.7 0.7 0.7 0.7 0.7 0.7 0.7 0.6666666666666667 0.6363636363636364 0.6363636363636364 0.6363636363636364 0.6521739130434783 0.5294117647058824 0.6190476190476191 0.6363636363636364 0.6363636363636364 0.6363636363636364 0.6363636363636364 0.6363636363636364 0.6521739130434783 0.6296296296296297
0.7 0.7 0.7 0.6842105263157895 0.6842105263157895 0.6842105263157895 0.6842105263157895 0.6190476190476191 0.6666666666666667 0.6521739130434783 0.7 0.7 0.7 0.7 0.7 0.7 0.7 0.7 0.7 0.7 0.6666666666666667 0.6363636363636364 0.6363636363636364 0.6363636363636364 0.6521739130434783 0.5294117647058824 0.6190476190476191 0.6363636363636364 0.6363636363636364 0.6363636363636364 0.6363636363636364 0.6363636363636364 0.6521739130434783 0.6296296296296297
0.6842105263157895 0.6842105263157895 0.6842105263157895 0.7222222222222222 0.7222222222222222 0.7222222222222222 0.7222222222222222 0.6 0.7058823529411764 0.6363636363636364 0.6842105263157895 0.6842105263157895 0.6842105263157895 0.6842105263157895 0.6842105263157895 0.6842105263157895 0.6842105263157895 0.6842105263157895 0.6842105263157895 0.6842105263157895 0.6521739130434783 0.6666666666666667 0.6666666666666667 0.6666666666666667 0.6363636363636364 0.5 0.65 0.6666666666666667 0.6666666666666667 0.6666666666666667 0.6666666666666667 0.6666666666666667 0.6818181818181819 0.6153846153846154
0.6842105263157895 0.6842105263157895 0.6842105263157895 0.7222222222222222 0.7222222222222222 0.7222222222222222 0.7222222222222222 0.6 0.7058823529411764 0.6363636363636364 0.6842105263157895 0.6842105263157895 0.6842105263157895 0.6842105263157895 0.6842105263157895 0.6842105263157895 0.6842105263157895 0.6842105263157895 0.6842105263157895 0.6842105263157895 0.6521739130434783 0.6666666666666667 0.6666666666666667 0.6666666666666667 0.6363636363636364 0.5 0.65 0.6666666666666667 0.6666666666666667 0.6666666666666667 0.6666666666666667 0.6666666666666667 0.6818181818181819 0.6153846153846154
0.6842105263157895 0.6842105263157895 0.6842105263157895 0.7222222222222222 0.7222222222222222 0.7222222222222222 0.7222222222222222 0.6 0.7058823529411764 0.6363636363636364 0.6842105263157895 0.6842105263157895 0.6842105263157895 0.6842105263157895 0.6842105263157895 0.6842105263157895 0.6842105263157895 0.6842105263157895 0.6842105263157895 0.6842105263157895 0.6521739130434783 0.6666666666666667 0.6666666666666667 0.6666666666666667 0.6363636363636364 0.5 0.65 0.6666666666666667 0.6666666666666667 0.6666666666666667 0.6666666666666667 0.6666666666666667 0.6818181818181819 0.6153846153846154
0.6842105263157895 0.6842105263157895 0.6842105263157895 0.7222222222222222 0.7222222222222222 0.7222222222222222 0.7222222222222222 0.6 0.7058823529411764 0.6363636363636364 0.6842105263157895 0.6842105263157895 0.6842105263157895 0.6842105263157895 0.6842105263157895 0.6842105263157895 0.6842105263157895 0.6842105263157895 0.6842105263157895 0.6842105263157895 0.6521739130434783 0.6666666666666667 0.6666666666666667 0.6666666666666667 0.6363636363636364 0.5 0.65 0.6666666666666667 0.6666666666666667 0.6666666666666667 0.6666666666666667 0.6666666666666667 0.6818181818181819 0.6153846153846154
0.6190476190476191 0.6190476190476191 0.6190476190476191 0.6 0.6 0.6 0.6 0.6363636363636364 0.5789473684210527 0.5833333333333333 0.6190476190476191 0.6190476190476191 0.6190476190476191 0.6190476190476191 0.6190476190476191 0.6190476190476191 0.6190476190476191 0.6190476190476191 0.6190476190476191 0.6190476190476191 0.6 0.5652173913043479 0.5652173913043479 0.5652173913043479 0.5833333333333333 0.5555555555555556 0.5454545454545454 0.5652173913043479 0.5652173913043479 0.5652173913043479 0.5652173913043479 0.5652173913043479 0.5833333333333333 0.5714285714285714
0.6666666666666667 0.6666666666666667 0.6666666666666667 0.7058823529411764 0.7058823529411764 0.7058823529411764 0.7058823529411764 0.5789473684210527 0.6875 0.6190476190476191 0.6666666666666667 0.6666666666666667 0.6666666666666667 0.6666666666666667 0.6666666666666667 0.6666666666666667 0.6666666666666667 0.6666666666666667 0.6666666666666667 0.6666666666666667 0.6363636363636364 0.65 0.65 0.65 0.6190476190476191 0.4666666666666667 0.631578947368421 0.65 0.65 0.65 0.65 0.65 0.6666666666666667 0.6
0.6521739130434783 0.6521739130434783 0.6521739130434783 0.6363636363636364 0.6363636363636364 0.6363636363636364 0.6363636363636364 0.5833333333333333 0.6190476190476191 0.6923076923076923 0.6521739130434783 0.6521739130434783 0.6521739130434783 0.6521739130434783 0.6521739130434783 0.6521739130434783 0.6521739130434783 0.6521739130434783 0.6521739130434783 0.6521739130434783 0.7037037037037037 0.6799999999999999 0.6799999999999999 0.6799999999999999 0.6923076923076923 0.5 0.6666666666666667 0.6799999999999999 0.6799999999999999 0.6799999999999999 0.6799999999999999 0.6799999999999999 0.6923076923076923 0.6666666666666667
0.7 0.7 0.7 0.6842105263157895 0.6842105263157895 0.6842105263157895 0.6842105263157895 0.6190476190476191 0.6666666666666667 0.6521739130434783 0.7 0.7 0.7 0.7 0.7 0.7 0.7 0.7 0.7 0.7 0.6666666666666667 0.6363636363636364 0.6363636363636364 0.6363636363636364 0.6521739130434783 0.5294117647058824 0.6190476190476191 0.6363636363636364 0.6363636363636364 0.6363636363636364 0.6363636363636364 0.6363636363636364 0.6521739130434783 0.6296296296296297
0.7 0.7 0.7 0.6842105263157895 0.6842105263157895 0.6842105263157895 0.6842105263157895 0.6190476190476191 0.6666666666666667 0.6521739130434783 0.7 0.7 0.7 0.7 0.7 0.7 0.7 0.7 0.7 0.7 0.6666666666666667 0.6363636363636364 0.6363636363636364 0.6363636363636364 0.6521739130434783 0.5294117647058824 0.6190476190476191 0.6363636363636364 0.6363636363636364 0.6363636363636364 0.6363636363636364 0.6363636363636364 0.6521739130434783 0.6296296296296297
0.7 0.7 0.7 0.6842105263157895 0.6842105263157895 0.6842105263157895 0.6842105263157895 0.6190476190476191 0.6666666666666667 0.6521739130434783 0.7 0.7 0.7 0.7 0.7 0.7 0.7 0.7 0.7 0.7 0.6666666666666667 0.6363636363636364 0.6363636363636364 0.6363636363636364 0.6521739130434783 0.5294117647058824 0.6190476190476191 0.6363636363636364 0.6363636363636364 0.6363636363636364 0.6363636363636364 0.6363636363636364 0.6521739130434783 0.6296296296296297
0.7 0.7 0.7 0.6842105263157895 0.6842105263157895 0.6842105263157895 0.6842105263157895 0.6190476190476191 0.6666666666666667 0.6521739130434783 0.7 0.7 0.7 0.7 0.7 0.7 0.7 0.7 0.7 0.7 0.6666666666666667 0.6363636363636364 0.6363636363636364 0.6363636363636364 0.6521739130434783 0.5294117647058824 0.6190476190476191 0.6363636363636364 0.6363636363636364 0.6363636363636364 0.6363636363636364 0.6363636363636364 0.6521739130434783 0.6296296296296297
0.7 0.7 0.7 0.6842105263157895 0.6842105263157895 0.6842105263157895 0.6842105263157895 0.6190476190476191 0.6666666666666667 0.6521739130434783 0.7 0.7 0.7 0.7 0.7 0.7 0.7 0.7 0.7 0.7 0.6666666666666667 0.6363636363636364 0.6363636363636364 0.6363636363636364 0.6521739130434783 0.5294117647058824 0.6190476190476191 0.6363636363636364 0.6363636363636364 0.6363636363636364 0.6363636363636364 0.6363636363636364 0.6521739130434783 0.6296296296296297
0.7 0.7 0.7 0.6842105263157895 0.6842105263157895 0.6842105263157895 0.6842105263157895 0.6190476190476191 0.6666666666666667 0.6521739130434783 0.7 0.7 0.7 0.7 0.7 0.7 0.7 0.7 0.7 0.7 0.6666666666666667 0.6363636363636364 0.6363636363636364 0.6363636363636364 0.6521739130434783 0.5294117647058824 0.6190476190476191 0.6363636363636364 0.6363636363636364 0.6363636363636364 0.6363636363636364 0.6363636363636364 0.6521739130434783 0.6296296296296297
0.7 0.7 0.7 0.6842105263157895 0.6842105263157895 0.6842105263157895 0.6842105263157895 0.6190476190476191 0.6666666666666667 0.6521739130434783 0.7 0.7 0.7 0.7 0.7 0.7 0.7 0.7 0.7 0.7 0.6666666666666667 0.6363636363636364 0.6363636363636364 0.6363636363636364 0.6521739130434783 0.5294117647058824 0.6190476190476191 0.6363636363636364 0.6363636363636364 0.6363636363636364 0.6363636363636364 0.6363636363636364 0.6521739130434783 0.6296296296296297
0.7 0.7 0.7 0.6842105263157895 0.6842105263157895 0.6842105263157895 0.6842105263157895 0.6190476190476191 0.6666666666666667 0.6521739130434783 0.7 0.7 0.7 0.7 0.7 0.7 0.7 0.7 0.7 0.7 0.6666666666666667 0.6363636363636364 0.6363636363636364 0.6363636363636364 0.6521739130434783 0.5294117647058824 0.6190476190476191 0.6363636363636364 0.6363636363636364 0.6363636363636364 0.6363636363636364 0.6363636363636364 0.6521739130434783 0.6296296296296297
0.7 0.7 0.7 0.6842105263157895 0.6842105263157895 0.6842105263157895 0.6842105263157895 0.6190476190476191 0.6666666666666667 0.6521739130434783 0.7 0.7 0.7 0.7 0.7 0.7 0.7 0.7 0.7 0.7 0.6666666666666667 0.6363636363636364 0.6363636363636364 0.6363636363636364 0.6521739130434783 0.5294117647058824 0.6190476190476191 0.6363636363636364 0.6363636363636364 0.6363636363636364 0.6363636363636364 0.6363636363636364 0.6521739130434783 0.6296296296296297
0.7 0.7 0.7 0.6842105263157895 0.6842105263157895 0.6842105263157895 0.6842105263157895 0.6190476190476191 0.6666666666666667 0.6521739130434783 0.7 0.7 0.7 0.7 0.7 0.7 0.7 0.7 0.7 0.7 0.6666666666666667 0.6363636363636364 0.6363636363636364 0.6363636363636364 0.6521739130434783 0.5294117647058824 0.6190476190476191 0.6363636363636364 0.6363636363636364 0.6363636363636364 0.6363636363636364 0.6363636363636364 0.6521739130434783 0.6296296296296297
0.6666666666666667 0.6666666666666667 0.6666666666666667 0.6521739130434783 0.6521739130434783 0.6521739130434783 0.6521739130434783 0.6 0.6363636363636364 0.7037037037037037 0.6666666666666667 0.6666666666666667 0.6666666666666667 0.6666666666666667 0.6666666666666667 0.6666666666666667 0.6666666666666667 0.6666666666666667 0.6666666666666667 0.6666666666666667 0.7142857142857143 0.6923076923076923 0.6923076923076923 0.6923076923076923 0.7037037037037037 0.5238095238095238 0.6799999999999999 0.6923076923076923 0.6923076923076923 0.6923076923076923 0.6923076923076923 0.6923076923076923 0.7037037037037037 0.6774193548387097
0.6363636363636364 0.6363636363636364 0.6363636363636364 0.6666666666666667 0.6666666666666667 0.6666666666666667 0.6666666666666667 0.5652173913043479 0.65 0.6799999999999999 0.6363636363636364 0.6363636363636364 0.6363636363636364 0.6363636363636364 0.6363636363636364 0.6363636363636364 0.6363636363636364 0.6363636363636364 0.6363636363636364 0.6363636363636364 0.6923076923076923 0.7083333333333333 0.7083333333333333 0.7083333333333333 0.6799999999999999 0.4736842105263158 0.6956521739130435 0.7083333333333333 0.7083333333333333 0.7083333333333333 0.7083333333333333 0.7083333333333333 0.72 0.6551724137931034
0.6363636363636364 0.6363636363636364 0.6363636363636364 0.6666666666666667 0.6666666666666667 0.6666666666666667 0.6666666666666667 0.5652173913043479 0.65 0.6799999999999999 0.6363636363636364 0.6363636363636364 0.6363636363636364 0.6363636363636364 0.6363636363636364 0.6363636363636364 0.6363636363636364 0.6363636363636364 0.6363636363636364 0.6363636363636364 0.6923076923076923 0.7083333333333333 0.7083333333333333 0.7083333333333333 0.6799999999999999 0.4736842105263158 0.6956521739130435 0.7083333333333333 0.7083333333333333 0.7083333333333333 0.7083333333333333 0.7083333333333333 0.72 0.6551724137931034
0.6363636363636364 0.6363636363636364 0.6363636363636364 0.6666666666666667 0.6666666666666667 0.6666666666666667 0.6666666666666667 0.5652173913043479 0.65 0.6799999999999999 0.6363636363636364 0.6363636363636364 0.6363636363636364 0.6363636363636364 0.6363636363636364 0.6363636363636364 0.6363636363636364 0.6363636363636364 0.6363636363636364 0.6363636363636364 0.6923076923076923 0.7083333333333333 0.7083333333333333 0.7083333333333333 0.6799999999999999 0.4736842105263158 0.6956521739130435 0.7083333333333333 0.7083333333333333 0.7083333333333333 0.7083333333333333 0.7083333333333333 0.72 0.6551724137931034
0.6521739130434783 0.6521739130434783 0.6521739130434783 0.6363636363636364 0.6363636363636364 0.6363636363636364 0.6363636363636364 0.5833333333333333 0.6190476190476191 0.6923076923076923 0.6521739130434783 0.6521739130434783 0.6521739130434783 0.6521739130434783 0.6521739130434783 0.6521739130434783 0.6521739130434783 0.6521739130434783 0.6521739130434783 0.6521739130434783 0.7037037037037037 0.6799999999999999 0.6799999999999999 0.6799999999999999 0.6923076923076923 0.5 0.6666666666666667 0.6799999999999999 0.6799999999999999 0.6799999999999999 0.6799999999999999 0.6799999999999999 0.6923076923076923 0.6666666666666667
0.5294117647058824 0.5294117647058824 0.5294117647058824 0.5 0.5 0.5 0.5 0.5555555555555556 0.4666666666666667 0.5 0.5294117647058824 0.5294117647058824 0.5294117647058824 0.5294117647058824 0.5294117647058824 0.5294117647058824 0.5294117647058824 0.5294117647058824 0.5294117647058824 0.5294117647058824 0.5238095238095238 0.4736842105263158 0.4736842105263158 0.4736842105263158 0.5 0.5714285714285714 0.4444444444444444 0.4736842105263158 0.4736842105263158 0.4736842105263158 0.4736842105263158 0.4736842105263158 0.5 0.5
0.6190476190476191 0.6190476190476191 0.6190476190476191 0.65 0.65 0.65 0.65 0.5454545454545454 0.631578947368421 0.6666666666666667 0.6190476190476191 0.6190476190476191 0.6190476190476191 0.6190476190476191 0.6190476190476191 0.6190476190476191 0.6190476190476191 0.6190476190476191 0.6190476190476191 0.6190476190476191 0.6799999999999999 0.6956521739130435 0.6956521739130435 0.6956521739130435 0.6666666666666667 0.4444444444444444 0.7272727272727273 0.6956521739130435 0.6956521739130435 0.6956521739130435 0.6956521739130435 0.6956521739130435 0.75 0.6428571428571428
0.6363636363636364 0.6363636363636364 0.6363636363636364 0.6666666666666667 0.6666666666666667 0.6666666666666667 0.6666666666666667 0.5652173913043479 0.65 0.6799999999999999 0.6363636363636364 0.6363636363636364 0.6363636363636364 0.6363636363636364 0.6363636363636364 0.6363636363636364 0.6363636363636364 0.6363636363636364 0.6363636363636364 0.6363636363636364 0.6923076923076923 0.7083333333333333 0.7083333333333333 0.7083333333333333 0.6799999999999999 0.4736842105263158 0.6956521739130435 0.7083333333333333 0.7083333333333333 0.7083333333333333 0.7083333333333333 0.7083333333333333 0.72 0.6551724137931034
0.6363636363636364 0.6363636363636364 0.6363636363636364 0.6666666666666667 0.6666666666666667 0.6666666666666667 0.6666666666666667 0.5652173913043479 0.65 0.6799999999999999 0.6363636363636364 0.6363636363636364 0.6363636363636364 0.6363636363636364 0.6363636363636364 0.6363636363636364 0.6363636363636364 0.6363636363636364 0.6363636363636364 0.6363636363636364 0.6923076923076923 0.7083333333333333 0.7083333333333333 0.7083333333333333 0.6799999999999999 0.4736842105263158 0.6956521739130435 0.7083333333333333 0.7083333333333333 0.7083333333333333 0.7083333333333333 0.7083333333333333 0.72 0.6551724137931034
0.6363636363636364 0.6363636363636364 0.6363636363636364 0.6666666666666667 0.6666666666666667 0.6666666666666667 0.6666666666666667 0.5652173913043479 0.65 0.6799999999999999 0.6363636363636364 0.6363636363636364 0.6363636363636364 0.6363636363636364 0.6363636363636364 0.6363636363636364 0.6363636363636364 0.6363636363636364 0.6363636363636364 0.6363636363636364 0.6923076923076923 0.7083333333333333 0.7083333333333333 0.7083333333333333 0.6799999999999999 0.4736842105263158 0.6956521739130435 0.7083333333333333 0.7083333333333333 0.7083333333333333 0.7083333333333333 0.7083333333333333 0.72 0.6551724137931034
0.6363636363636364 0.6363636363636364 0.6363636363636364 0.6666666666666667 0.6666666666666667 0.6666666666666667 0.6666666666666667 0.5652173913043479 0.65 0.6799999999999999 0.6363636363636364 0.6363636363636364 0.6363636363636364 0.6363636363636364 0.6363636363636364 0.6363636363636364 0.6363636363636364 0.6363636363636364 0.6363636363636364 0.6363636363636364 0.6923076923076923 0.7083333333333333 0.7083333333333333 0.7083333333333333 0.6799999999999999 0.4736842105263158 0.6956521739130435 0.7083333333333333 0.7083333333333333 0.7083333333333333 0.7083333333333333 0.7083333333333333 0.72 0.6551724137931034
0.6363636363636364 0.6363636363636364 0.6363636363636364 0.6666666666666667 0.6666666666666667 0.6666666666666667 0.6666666666666667 0.5652173913043479 0.65 0.6799999999999999 0.6363636363636364 0.6363636363636364 0.6363636363636364 0.6363636363636364 0.6363636363636364 0.6363636363636364 0.6363636363636364 0.6363636363636364 0.6363636363636364 0.6363636363636364 0.6923076923076923 0.7083333333333333 0.7083333333333333 0.7083333333333333 0.6799999999999999 0.4736842105263158 0.6956521739130435 0.7083333333333333 0.7083333333333333 0.7083333333333333 0.7083333333333333 0.7083333333333333 0.72 0.6551724137931034
0.6521739130434783 0.6521739130434783 0.6521739130434783 0.6818181818181819 0.6818181818181819 0.6818181818181819 0.6818181818181819 0.5833333333333333 0.6666666666666667 0.6923076923076923 0.6521739130434783 0.6521739130434783 0.6521739130434783 0.6521739130434783 0.6521739130434783 0.6521739130434783 0.6521739130434783 0.6521739130434783 0.6521739130434783 0.6521739130434783 0.7037037037037037 0.72 0.72 0.72 0.6923076923076923 0.5 0.75 0.72 0.72 0.72 0.72 0.72 0.7692307692307692 0.6666666666666667
0.6296296296296297 0.6296296296296297 0.6296296296296297 0.6153846153846154 0.6153846153846154 0.6153846153846154 0.6153846153846154 0.5714285714285714 0.6 0.6666666666666667 0.6296296296296297 0.6296296296296297 0.6296296296296297 0.6296296296296297 0.6296296296296297 0.6296296296296297 0.6296296296296297 0.6296296296296297 0.6296296296296297 0.6296296296296297 0.6774193548387097 0.6551724137931034 0.6551724137931034 0.6551724137931034 0.6666666666666667 0.5 0.6428571428571428 0.6551724137931034 0.6551724137931034 0.6551724137931034 0.6551724137931034 0.6551724137931034 0.6666666666666667 0.7058823529411764
